dict(
    [
        (
            "ARCH_A_PARTS_BCL",
            dict(
                [
                    (
                        "bol_measure_numbers",
                        [
                            1,
                            10,
                            22,
                            35,
                            42,
                            50,
                            63,
                            74,
                            85,
                            95,
                            104,
                            116,
                            121,
                            131,
                            143,
                            153,
                            163,
                            173,
                            184,
                            194,
                            203,
                            212,
                            222,
                            230,
                            239,
                            247,
                            250,
                        ],
                    ),
                ]
            ),
        ),
    ]
)
